0 0.352 0.416 0.268 0.268
0 0.464 0.39 0.416 0.416
0 0.526 0.89 0.18 0.18
0 0.674 0.222 0.12 0.12
0 0.22 0.342 0.38 0.38
0 0.69 0.612 0.168 0.168
0 0.856 0.368 0.14 0.14
0 0.558 0.19 0.344 0.344
0 0.138 0.688 0.216 0.216
0 0.146 0.846 0.272 0.272
0 0.648 0.536 0.384 0.384
0 0.426 0.186 0.392 0.392
0 0.28 0.394 0.316 0.316
0 0.482 0.296 0.172 0.172
0 0.396 0.194 0.152 0.152
0 0.472 0.336 0.344 0.344
0 0.154 0.486 0.312 0.312
0 0.728 0.292 0.32 0.32
0 0.716 0.592 0.356 0.356
0 0.132 0.746 0.148 0.148