0 0.784 0.744 0.324 0.324
0 0.79 0.234 0.284 0.284
0 0.66 0.252 0.248 0.248
0 0.258 0.696 0.3 0.3
0 0.192 0.832 0.296 0.296
0 0.604 0.582 0.204 0.204
0 0.198 0.322 0.344 0.344
0 0.318 0.18 0.164 0.164
0 0.896 0.326 0.224 0.224
0 0.418 0.66 0.204 0.204
0 0.266 0.59 0.336 0.336
0 0.432 0.116 0.16 0.16
0 0.758 0.872 0.124 0.124
0 0.426 0.632 0.328 0.328
0 0.702 0.282 0.308 0.308
0 0.256 0.672 0.136 0.136
0 0.664 0.376 0.296 0.296
0 0.82 0.406 0.344 0.344
0 0.586 0.73 0.256 0.256
0 0.494 0.82 0.14 0.14