0 0.698 0.708 0.36 0.36
0 0.276 0.438 0.292 0.292
0 0.45 0.73 0.184 0.184
0 0.504 0.208 0.184 0.184
0 0.602 0.298 0.332 0.332
0 0.298 0.69 0.268 0.268
0 0.614 0.482 0.176 0.176
0 0.256 0.372 0.416 0.416
0 0.296 0.77 0.392 0.392
0 0.79 0.586 0.132 0.132
0 0.138 0.198 0.208 0.208
0 0.288 0.212 0.272 0.272
0 0.382 0.474 0.112 0.112
0 0.298 0.848 0.104 0.104
0 0.912 0.198 0.108 0.108
0 0.904 0.892 0.16 0.16
0 0.45 0.204 0.284 0.284
0 0.6 0.556 0.188 0.188
0 0.794 0.576 0.396 0.396
0 0.942 0.09 0.136 0.136