0 0.22 0.78 0.4 0.4
0 0.318 0.14 0.24 0.24
0 0.348 0.17 0.296 0.296
0 0.34 0.378 0.324 0.324
0 0.482 0.258 0.256 0.256
0 0.616 0.794 0.156 0.156
0 0.192 0.856 0.256 0.256
0 0.648 0.834 0.284 0.284
0 0.81 0.8 0.388 0.388
0 0.276 0.726 0.284 0.284
0 0.672 0.248 0.248 0.248
0 0.592 0.224 0.112 0.112
0 0.534 0.844 0.176 0.176
0 0.178 0.172 0.256 0.256
0 0.806 0.204 0.364 0.364
0 0.21 0.16 0.168 0.168
0 0.75 0.544 0.392 0.392
0 0.65 0.254 0.384 0.384
0 0.626 0.336 0.104 0.104
0 0.146 0.632 0.108 0.108