0 0.262 0.48 0.376 0.376
0 0.388 0.404 0.348 0.348
0 0.404 0.524 0.188 0.188
0 0.49 0.31 0.28 0.28
0 0.172 0.64 0.364 0.364
0 0.596 0.174 0.304 0.304
0 0.436 0.308 0.356 0.356
0 0.35 0.168 0.104 0.104
0 0.92 0.358 0.104 0.104
0 0.84 0.77 0.288 0.288
0 0.392 0.304 0.192 0.192
0 0.474 0.914 0.124 0.124
0 0.246 0.13 0.208 0.208
0 0.208 0.4 0.308 0.308
0 0.18 0.742 0.14 0.14
0 0.574 0.428 0.348 0.348
0 0.32 0.804 0.192 0.192
0 0.662 0.208 0.156 0.156
0 0.718 0.568 0.172 0.172
0 0.556 0.912 0.176 0.176