0 0.372 0.548 0.104 0.104
0 0.572 0.608 0.248 0.248
0 0.438 0.79 0.272 0.272
0 0.658 0.254 0.136 0.136
0 0.798 0.45 0.236 0.236
0 0.374 0.502 0.136 0.136
0 0.762 0.482 0.376 0.376
0 0.164 0.338 0.256 0.256
0 0.322 0.5 0.244 0.244
0 0.452 0.812 0.38 0.38
0 0.814 0.21 0.152 0.152
0 0.798 0.772 0.404 0.404
0 0.82 0.38 0.288 0.288
0 0.142 0.896 0.1 0.1
0 0.914 0.848 0.136 0.136
0 0.528 0.26 0.388 0.388
0 0.656 0.464 0.36 0.36
0 0.546 0.422 0.324 0.324
0 0.748 0.272 0.324 0.324
0 0.818 0.692 0.24 0.24