0 0.526 0.646 0.404 0.404
0 0.124 0.536 0.188 0.188
0 0.418 0.114 0.244 0.244
0 0.868 0.484 0.116 0.116
0 0.304 0.498 0.272 0.272
0 0.582 0.674 0.384 0.384
0 0.29 0.602 0.316 0.316
0 0.932 0.288 0.112 0.112
0 0.366 0.652 0.148 0.148
0 0.664 0.414 0.34 0.34
0 0.778 0.712 0.328 0.328
0 0.61 0.426 0.244 0.244
0 0.766 0.58 0.324 0.324
0 0.086 0.52 0.108 0.108
0 0.236 0.498 0.284 0.284
0 0.15 0.542 0.272 0.272
0 0.626 0.246 0.36 0.36
0 0.242 0.548 0.364 0.364
0 0.21 0.674 0.38 0.38
0 0.92 0.418 0.156 0.156