0 0.096 0.518 0.112 0.112
0 0.208 0.854 0.308 0.308
0 0.35 0.846 0.212 0.212
0 0.302 0.216 0.404 0.404
0 0.684 0.76 0.308 0.308
0 0.9 0.532 0.204 0.204
0 0.298 0.792 0.144 0.144
0 0.656 0.17 0.168 0.168
0 0.354 0.72 0.388 0.388
0 0.588 0.43 0.324 0.324
0 0.31 0.85 0.284 0.284
0 0.656 0.084 0.116 0.116
0 0.818 0.27 0.184 0.184
0 0.204 0.606 0.32 0.32
0 0.31 0.808 0.376 0.376
0 0.298 0.318 0.292 0.292
0 0.388 0.654 0.336 0.336
0 0.798 0.272 0.216 0.216
0 0.732 0.622 0.18 0.18
0 0.732 0.638 0.364 0.364