0 0.532 0.214 0.404 0.404
0 0.71 0.374 0.224 0.224
0 0.322 0.322 0.188 0.188
0 0.602 0.326 0.316 0.316
0 0.184 0.796 0.18 0.18
0 0.096 0.692 0.188 0.188
0 0.28 0.514 0.3 0.3
0 0.374 0.218 0.28 0.28
0 0.748 0.732 0.192 0.192
0 0.44 0.706 0.252 0.252
0 0.504 0.7 0.148 0.148
0 0.842 0.412 0.168 0.168
0 0.676 0.772 0.252 0.252
0 0.268 0.752 0.272 0.272
0 0.708 0.154 0.168 0.168
0 0.386 0.534 0.236 0.236
0 0.246 0.494 0.304 0.304
0 0.382 0.46 0.304 0.304
0 0.486 0.468 0.184 0.184
0 0.784 0.86 0.3 0.3