0 0.588 0.75 0.348 0.348
0 0.142 0.54 0.12 0.12
0 0.416 0.618 0.376 0.376
0 0.356 0.23 0.208 0.208
0 0.75 0.208 0.112 0.112
0 0.584 0.504 0.344 0.344
0 0.354 0.574 0.38 0.38
0 0.802 0.462 0.3 0.3
0 0.22 0.222 0.264 0.264
0 0.308 0.728 0.104 0.104
0 0.778 0.852 0.252 0.252
0 0.32 0.874 0.228 0.228
0 0.42 0.73 0.196 0.196
0 0.564 0.384 0.148 0.148
0 0.562 0.838 0.22 0.22
0 0.278 0.35 0.412 0.412
0 0.402 0.766 0.308 0.308
0 0.672 0.798 0.408 0.408
0 0.078 0.884 0.112 0.112
0 0.586 0.352 0.392 0.392