0 0.594 0.73 0.368 0.368
0 0.574 0.886 0.148 0.148
0 0.592 0.28 0.296 0.296
0 0.658 0.584 0.208 0.208
0 0.484 0.108 0.22 0.22
0 0.168 0.222 0.344 0.344
0 0.302 0.402 0.348 0.348
0 0.742 0.63 0.2 0.2
0 0.82 0.316 0.352 0.352
0 0.482 0.852 0.284 0.284
0 0.606 0.232 0.272 0.272
0 0.792 0.622 0.308 0.308
0 0.536 0.222 0.124 0.124
0 0.2 0.704 0.336 0.336
0 0.674 0.67 0.396 0.396
0 0.562 0.622 0.288 0.288
0 0.898 0.42 0.216 0.216
0 0.738 0.442 0.396 0.396
0 0.382 0.564 0.26 0.26
0 0.528 0.74 0.104 0.104