0 0.754 0.836 0.264 0.264
0 0.794 0.28 0.296 0.296
0 0.874 0.658 0.196 0.196
0 0.584 0.634 0.368 0.368
0 0.766 0.532 0.412 0.412
0 0.434 0.588 0.276 0.276
0 0.444 0.616 0.388 0.388
0 0.528 0.302 0.396 0.396
0 0.43 0.334 0.188 0.188
0 0.758 0.104 0.184 0.184
0 0.422 0.572 0.296 0.296
0 0.544 0.174 0.284 0.284
0 0.258 0.692 0.404 0.404
0 0.576 0.684 0.304 0.304
0 0.888 0.308 0.16 0.16
0 0.236 0.906 0.164 0.164
0 0.636 0.238 0.208 0.208
0 0.572 0.346 0.304 0.304
0 0.73 0.296 0.316 0.316
0 0.394 0.392 0.192 0.192