0 0.374 0.216 0.252 0.252
0 0.308 0.236 0.264 0.264
0 0.322 0.468 0.332 0.332
0 0.488 0.716 0.228 0.228
0 0.382 0.362 0.348 0.348
0 0.302 0.752 0.42 0.42
0 0.238 0.256 0.368 0.368
0 0.726 0.836 0.172 0.172
0 0.474 0.322 0.416 0.416
0 0.348 0.344 0.332 0.332
0 0.9 0.22 0.18 0.18
0 0.518 0.178 0.108 0.108
0 0.88 0.6 0.152 0.152
0 0.662 0.73 0.36 0.36
0 0.41 0.288 0.344 0.344
0 0.726 0.65 0.336 0.336
0 0.344 0.392 0.164 0.164
0 0.44 0.666 0.26 0.26
0 0.208 0.794 0.396 0.396
0 0.674 0.328 0.384 0.384