0 0.752 0.44 0.12 0.12
0 0.092 0.382 0.148 0.148
0 0.362 0.188 0.356 0.356
0 0.282 0.754 0.408 0.408
0 0.622 0.468 0.192 0.192
0 0.558 0.424 0.26 0.26
0 0.716 0.652 0.344 0.344
0 0.288 0.82 0.14 0.14
0 0.788 0.646 0.132 0.132
0 0.316 0.284 0.236 0.236
0 0.548 0.606 0.204 0.204
0 0.836 0.1 0.124 0.124
0 0.75 0.49 0.388 0.388
0 0.332 0.56 0.14 0.14
0 0.416 0.698 0.232 0.232
0 0.632 0.562 0.256 0.256
0 0.842 0.248 0.276 0.276
0 0.668 0.4 0.324 0.324
0 0.236 0.62 0.324 0.324
0 0.762 0.606 0.304 0.304