0 0.398 0.6 0.288 0.288
0 0.072 0.806 0.136 0.136
0 0.346 0.59 0.192 0.192
0 0.676 0.744 0.276 0.276
0 0.17 0.56 0.288 0.288
0 0.444 0.216 0.396 0.396
0 0.168 0.428 0.144 0.144
0 0.198 0.328 0.252 0.252
0 0.798 0.564 0.392 0.392
0 0.408 0.828 0.22 0.22
0 0.08 0.344 0.164 0.164
0 0.152 0.428 0.304 0.304
0 0.284 0.816 0.108 0.108
0 0.306 0.224 0.284 0.284
0 0.298 0.798 0.34 0.34
0 0.754 0.512 0.108 0.108
0 0.712 0.716 0.4 0.4
0 0.462 0.2 0.244 0.244
0 0.578 0.16 0.268 0.268
0 0.676 0.462 0.384 0.384