0 0.738 0.946 0.112 0.112
0 0.654 0.222 0.252 0.252
0 0.456 0.33 0.276 0.276
0 0.708 0.662 0.36 0.36
0 0.502 0.792 0.204 0.204
0 0.438 0.59 0.376 0.376
0 0.412 0.656 0.304 0.304
0 0.276 0.354 0.384 0.384
0 0.776 0.756 0.352 0.352
0 0.564 0.484 0.412 0.412
0 0.846 0.184 0.18 0.18
0 0.688 0.418 0.276 0.276
0 0.268 0.504 0.244 0.244
0 0.342 0.128 0.184 0.184
0 0.266 0.432 0.24 0.24
0 0.726 0.682 0.292 0.292
0 0.918 0.286 0.176 0.176
0 0.508 0.36 0.408 0.408
0 0.726 0.65 0.36 0.36
0 0.482 0.888 0.184 0.184