0 0.19 0.622 0.324 0.324
0 0.87 0.528 0.24 0.24
0 0.602 0.344 0.212 0.212
0 0.142 0.372 0.228 0.228
0 0.472 0.064 0.116 0.116
0 0.26 0.44 0.284 0.284
0 0.858 0.252 0.264 0.264
0 0.422 0.818 0.348 0.348
0 0.296 0.37 0.384 0.384
0 0.206 0.498 0.292 0.292
0 0.414 0.826 0.276 0.276
0 0.342 0.666 0.356 0.356
0 0.316 0.298 0.348 0.348
0 0.448 0.896 0.104 0.104
0 0.726 0.592 0.236 0.236
0 0.412 0.32 0.176 0.176
0 0.422 0.474 0.172 0.172
0 0.574 0.09 0.152 0.152
0 0.182 0.776 0.288 0.288
0 0.23 0.206 0.236 0.236