0 0.436 0.736 0.264 0.264
0 0.496 0.64 0.312 0.312
0 0.692 0.444 0.368 0.368
0 0.706 0.212 0.228 0.228
0 0.68 0.71 0.256 0.256
0 0.904 0.156 0.152 0.152
0 0.754 0.714 0.3 0.3
0 0.122 0.176 0.236 0.236
0 0.084 0.174 0.136 0.136
0 0.828 0.38 0.324 0.324
0 0.698 0.256 0.224 0.224
0 0.72 0.738 0.16 0.16
0 0.8 0.58 0.324 0.324
0 0.262 0.67 0.312 0.312
0 0.246 0.256 0.344 0.344
0 0.65 0.158 0.112 0.112
0 0.136 0.248 0.216 0.216
0 0.304 0.786 0.372 0.372
0 0.328 0.352 0.284 0.284
0 0.28 0.724 0.332 0.332