0 0.446 0.362 0.336 0.336
0 0.324 0.352 0.356 0.356
0 0.568 0.866 0.244 0.244
0 0.838 0.614 0.26 0.26
0 0.244 0.296 0.172 0.172
0 0.366 0.714 0.404 0.404
0 0.294 0.744 0.32 0.32
0 0.502 0.814 0.308 0.308
0 0.724 0.59 0.256 0.256
0 0.102 0.73 0.188 0.188
0 0.478 0.374 0.42 0.42
0 0.514 0.732 0.324 0.324
0 0.848 0.498 0.296 0.296
0 0.662 0.656 0.42 0.42
0 0.522 0.342 0.384 0.384
0 0.124 0.272 0.204 0.204
0 0.25 0.79 0.384 0.384
0 0.332 0.562 0.224 0.224
0 0.648 0.388 0.4 0.4
0 0.372 0.166 0.12 0.12