0 0.634 0.184 0.116 0.116
0 0.222 0.198 0.368 0.368
0 0.9 0.632 0.152 0.152
0 0.866 0.436 0.232 0.232
0 0.62 0.226 0.376 0.376
0 0.234 0.704 0.12 0.12
0 0.786 0.186 0.168 0.168
0 0.312 0.254 0.352 0.352
0 0.52 0.504 0.192 0.192
0 0.674 0.564 0.236 0.236
0 0.374 0.58 0.356 0.356
0 0.338 0.328 0.164 0.164
0 0.354 0.512 0.396 0.396
0 0.308 0.536 0.36 0.36
0 0.422 0.348 0.184 0.184
0 0.18 0.646 0.124 0.124
0 0.354 0.074 0.104 0.104
0 0.758 0.844 0.208 0.208
0 0.616 0.23 0.364 0.364
0 0.752 0.532 0.192 0.192