0 0.462 0.676 0.384 0.384
0 0.776 0.646 0.232 0.232
0 0.646 0.25 0.296 0.296
0 0.67 0.396 0.22 0.22
0 0.286 0.348 0.116 0.116
0 0.702 0.34 0.208 0.208
0 0.206 0.89 0.188 0.188
0 0.266 0.594 0.176 0.176
0 0.266 0.204 0.364 0.364
0 0.896 0.52 0.204 0.204
0 0.154 0.858 0.14 0.14
0 0.706 0.58 0.368 0.368
0 0.77 0.422 0.248 0.248
0 0.324 0.6 0.412 0.412
0 0.504 0.628 0.324 0.324
0 0.31 0.776 0.136 0.136
0 0.434 0.826 0.244 0.244
0 0.166 0.644 0.248 0.248
0 0.66 0.712 0.344 0.344
0 0.506 0.816 0.168 0.168