0 0.426 0.608 0.188 0.188
0 0.504 0.154 0.112 0.112
0 0.202 0.28 0.288 0.288
0 0.656 0.858 0.304 0.304
0 0.622 0.632 0.196 0.196
0 0.668 0.176 0.284 0.284
0 0.288 0.776 0.4 0.4
0 0.292 0.68 0.124 0.124
0 0.516 0.706 0.408 0.408
0 0.29 0.758 0.38 0.38
0 0.59 0.662 0.292 0.292
0 0.23 0.326 0.212 0.212
0 0.518 0.386 0.392 0.392
0 0.762 0.346 0.256 0.256
0 0.292 0.234 0.2 0.2
0 0.364 0.564 0.404 0.404
0 0.268 0.246 0.268 0.268
0 0.91 0.504 0.132 0.132
0 0.864 0.558 0.208 0.208
0 0.558 0.192 0.256 0.256