0 0.496 0.294 0.192 0.192
0 0.732 0.788 0.312 0.312
0 0.614 0.466 0.272 0.272
0 0.724 0.544 0.3 0.3
0 0.332 0.248 0.32 0.32
0 0.908 0.74 0.104 0.104
0 0.616 0.532 0.4 0.4
0 0.936 0.252 0.128 0.128
0 0.298 0.66 0.212 0.212
0 0.562 0.356 0.272 0.272
0 0.764 0.504 0.204 0.204
0 0.308 0.274 0.28 0.28
0 0.436 0.68 0.196 0.196
0 0.326 0.392 0.188 0.188
0 0.314 0.666 0.408 0.408
0 0.808 0.44 0.384 0.384
0 0.782 0.074 0.116 0.116
0 0.382 0.356 0.268 0.268
0 0.366 0.116 0.244 0.244
0 0.548 0.45 0.364 0.364