0 0.402 0.602 0.12 0.12
0 0.404 0.448 0.348 0.348
0 0.254 0.884 0.212 0.212
0 0.798 0.552 0.412 0.412
0 0.122 0.082 0.112 0.112
0 0.646 0.83 0.272 0.272
0 0.746 0.824 0.256 0.256
0 0.598 0.27 0.42 0.42
0 0.58 0.526 0.252 0.252
0 0.684 0.768 0.376 0.376
0 0.8 0.394 0.136 0.136
0 0.452 0.468 0.256 0.256
0 0.788 0.772 0.228 0.228
0 0.278 0.616 0.416 0.416
0 0.584 0.412 0.408 0.408
0 0.182 0.606 0.304 0.304
0 0.16 0.894 0.132 0.132
0 0.396 0.238 0.42 0.42
0 0.544 0.476 0.332 0.332
0 0.406 0.78 0.312 0.312