0 0.412 0.462 0.148 0.148
0 0.508 0.888 0.224 0.224
0 0.418 0.362 0.292 0.292
0 0.638 0.198 0.38 0.38
0 0.638 0.656 0.38 0.38
0 0.624 0.76 0.368 0.368
0 0.25 0.194 0.388 0.388
0 0.272 0.616 0.34 0.34
0 0.274 0.506 0.364 0.364
0 0.638 0.712 0.4 0.4
0 0.748 0.738 0.388 0.388
0 0.336 0.258 0.224 0.224
0 0.734 0.642 0.252 0.252
0 0.078 0.202 0.172 0.172
0 0.528 0.584 0.216 0.216
0 0.878 0.148 0.192 0.192
0 0.16 0.198 0.28 0.28
0 0.438 0.376 0.316 0.316
0 0.422 0.774 0.248 0.248
0 0.324 0.236 0.312 0.312