0 0.314 0.624 0.256 0.256
0 0.244 0.464 0.124 0.124
0 0.304 0.222 0.304 0.304
0 0.514 0.542 0.284 0.284
0 0.684 0.818 0.268 0.268
0 0.166 0.574 0.3 0.3
0 0.346 0.632 0.408 0.408
0 0.676 0.598 0.256 0.256
0 0.814 0.606 0.356 0.356
0 0.582 0.646 0.252 0.252
0 0.498 0.22 0.3 0.3
0 0.612 0.08 0.148 0.148
0 0.146 0.404 0.264 0.264
0 0.36 0.484 0.176 0.176
0 0.372 0.676 0.42 0.42
0 0.744 0.462 0.304 0.304
0 0.31 0.61 0.124 0.124
0 0.816 0.22 0.34 0.34
0 0.306 0.616 0.368 0.368
0 0.46 0.442 0.168 0.168