0 0.712 0.788 0.224 0.224
0 0.244 0.274 0.228 0.228
0 0.52 0.904 0.1 0.1
0 0.468 0.38 0.148 0.148
0 0.654 0.688 0.332 0.332
0 0.722 0.638 0.324 0.324
0 0.8 0.336 0.404 0.404
0 0.728 0.634 0.412 0.412
0 0.288 0.524 0.376 0.376
0 0.366 0.826 0.196 0.196
0 0.712 0.904 0.104 0.104
0 0.364 0.452 0.42 0.42
0 0.65 0.656 0.3 0.3
0 0.744 0.372 0.272 0.272
0 0.766 0.56 0.196 0.196
0 0.38 0.468 0.364 0.364
0 0.262 0.33 0.328 0.328
0 0.382 0.83 0.336 0.336
0 0.266 0.304 0.376 0.376
0 0.506 0.666 0.216 0.216