0 0.928 0.756 0.112 0.112
0 0.584 0.672 0.244 0.244
0 0.288 0.138 0.284 0.284
0 0.752 0.78 0.34 0.34
0 0.456 0.062 0.144 0.144
0 0.432 0.79 0.236 0.236
0 0.854 0.692 0.212 0.212
0 0.428 0.286 0.344 0.344
0 0.162 0.48 0.336 0.336
0 0.13 0.494 0.272 0.272
0 0.43 0.284 0.156 0.156
0 0.376 0.336 0.36 0.36
0 0.206 0.26 0.192 0.192
0 0.35 0.72 0.356 0.356
0 0.492 0.204 0.308 0.308
0 0.664 0.376 0.372 0.372
0 0.314 0.806 0.38 0.38
0 0.16 0.136 0.228 0.228
0 0.72 0.882 0.216 0.216
0 0.166 0.152 0.236 0.236